--- ajstarks-openvg-a236978e8009c948083bd15b201d8f4ceb3c035d.orig/DejaVuSansMono.inc	2017-07-26 14:27:15.000000000 +0200
+++ ajstarks-openvg-a236978e8009c948083bd15b201d8f4ceb3c035d/DejaVuSansMono.inc	2017-07-26 16:45:47.000000000 +0200
@@ -1,6 +1,6 @@
 /* Generated by font2openvg. See http://developer.hybrid.fi for more information. */
 
-/* converted from font file /usr/share/fonts/truetype/ttf-dejavu/DejaVuSansMono.ttf */
+/* converted from font file dejavu-fonts-ttf-2.37/ttf/DejaVuSansMono.ttf */
 /* font family name: DejaVu Sans Mono */
 /* font style name: Book */
 
@@ -933,8 +933,8 @@ static const int DejaVuSansMono_glyphPoi
     43088,56480,9312,56480,9312,-10544,4416,-15392,4416,61376,47936,61376,47936,-15392,4416,-15392,9312,-10544,43088,-10544,
     43088,56480,9312,56480,9312,-10544,4416,-15392,4416,61376,47936,61376,47936,-15392,4416,-15392,9312,-10544,43088,-10544,
     43088,56480,9312,56480,9312,-10544,4416,-15392,4416,61376,47936,61376,47936,-15392,4416,-15392,9312,-10544,43088,-10544,
-    43088,56480,9312,56480,9312,-10544,21936,52656,21936,63456,30560,63456,30560,52656,21936,52656,21936,0,21936,27840,
-    22816,43008,29664,43008,30560,27840,30560,0,21936,0,45088,45776,45088,38464,42240,40160,39480,41096,36720,42032,
+    43088,56480,9312,56480,9312,-10544,21936,36800,21936,47600,30560,47600,30560,36800,21936,36800,21936,-15856,21936,11984,
+    22816,27152,29664,27152,30560,11984,30560,-15856,21936,-15856,45088,45776,45088,38464,42240,40160,39480,41096,36720,42032,
     34048,42208,34048,5232,36720,5440,39504,6400,42288,7360,45088,9056,45088,1744,41984,432,39224,-296,36464,-1024,
     34048,-1152,34048,-13296,29664,-13296,29664,-1152,20096,-208,14576,6440,9056,13088,9056,23760,9056,34384,14640,41120,
     20224,47856,29664,48656,29664,60864,34048,60864,34048,48656,36464,48528,39224,47808,41984,47088,45088,45776,29664,5392,
@@ -1036,12 +1036,12 @@ static const int DejaVuSansMono_glyphPoi
     23600,48000,21256,49616,18912,51232,14288,51232,11488,51232,11488,55824,14624,55824,18576,55824,20664,57168,22752,58512,
     22752,61056,22752,63440,20712,64776,18672,66112,14960,66112,13104,66112,10720,65600,8336,65088,5824,64112,5824,69264,
     8768,69984,11248,70368,13728,70752,15856,70752,22016,70752,25592,68240,29168,65728,29168,61520,29168,58512,27296,56528,
-    25424,54544,21856,53744,2160,21424,1152,26016,46192,37152,47344,32560,2160,21424,23328,46416,31408,46416,31408,39872,
-    31408,35696,30112,32784,28816,29872,25248,26400,21424,22608,18784,20096,17784,18232,16784,16368,16784,14288,16784,10496,
-    19568,8160,22352,5824,26992,5824,30304,5824,34088,7288,37872,8752,42032,11648,42032,3648,38032,1232,33976,40,
-    29920,-1152,25504,-1152,17600,-1152,12904,2928,8208,7008,8208,13856,8208,17088,9632,19872,11056,22656,15040,26560,
-    18784,30224,21632,32944,22440,34728,23248,36512,23248,39184,23248,39232,23248,39392,23328,40368,23328,41184,23328,46416,
-    31664,52656,23072,52656,23072,63456,31664,63456,31664,52656,26176,55888,17120,23424,35232,23424,26176,55888,20992,63456,
+    25424,54544,21856,53744,2160,21424,1152,26016,46192,37152,47344,32560,2160,21424,23328,30560,31408,30560,31408,24016,
+    31408,19840,30112,16936,28816,14032,25248,10544,21424,6752,18784,4256,17784,2384,16784,512,16784,-1568,16784,-5360,
+    19568,-7696,22352,-10032,26992,-10032,30304,-10032,34088,-8568,37872,-7104,42032,-4208,42032,-12192,38032,-14624,33976,-15816,
+    29920,-17008,25504,-17008,17600,-17008,12904,-12928,8208,-8848,8208,-2000,8208,1232,9632,4016,11056,6800,15040,10704,
+    18784,14368,21632,17088,22440,18872,23248,20656,23248,23328,23248,23376,23248,23552,23328,24528,23328,25328,23328,30560,
+    31664,36800,23072,36800,23072,47600,31664,47600,31664,36800,26176,55888,17120,23424,35232,23424,26176,55888,20992,63456,
     31408,63456,50832,0,41952,0,37280,16528,15040,16528,10448,0,1568,0,20992,63456,23840,80208,32208,68992,
     25664,68992,16016,80208,23840,80208,26176,55888,17120,23424,35232,23424,26176,55888,20992,63456,31408,63456,50832,0,
     41952,0,37280,16528,15040,16528,10448,0,1568,0,20992,63456,28560,80208,36464,80208,26736,68992,20192,68992,
@@ -1731,10 +1731,10 @@ static const int DejaVuSansMono_glyphPoi
     19952,7016,22528,5744,26176,5744,29872,5744,32424,7016,34976,8288,36384,10800,37024,11856,37272,13808,37520,15760,
     37520,20352,37520,63456,46112,63456,46112,24352,46112,14624,44904,10520,43696,6416,40720,3744,37904,1232,34296,0,
     30688,-1232,26176,-1232,21712,-1232,18104,0,14496,1232,11648,3744,8720,6368,7480,10560,6240,14752,6240,24352,
-    37872,79104,37872,74224,34488,70824,31104,67424,26176,67424,21296,67424,17912,70824,14528,74224,14528,79104,14528,84000,
-    17912,87376,21296,90752,26176,90752,31104,90752,34488,87376,37872,84000,37872,79104,32640,79104,32640,81776,30768,83648,
-    28896,85520,26176,85520,23456,85520,21608,83672,19760,81824,19760,79104,19760,76336,21608,74488,23456,72640,26176,72640,
-    28896,72640,30768,74512,32640,76384,32640,79104,8288,18016,8288,47520,16112,47520,16112,18016,16112,11600,18384,8584,
+    37872,68864,37872,63984,34488,60584,31104,57184,26176,57184,21296,57184,17912,60584,14528,63984,14528,68864,14528,73760,
+    17912,77136,21296,80512,26176,80512,31104,80512,34488,77136,37872,73760,37872,68864,32640,68864,32640,71536,30768,73408,
+    28896,75280,26176,75280,23456,75280,21608,73432,19760,71584,19760,68864,19760,66096,21608,64248,23456,62400,26176,62400,
+    28896,62400,30768,64272,32640,66144,32640,68864,8288,18016,8288,47520,16112,47520,16112,18016,16112,11600,18384,8584,
     20656,5568,25408,5568,30944,5568,33872,9456,36800,13344,36800,20608,36800,47520,44672,47520,44672,0,36800,0,
     36800,7136,34720,3024,31128,896,27536,-1232,22736,-1232,15424,-1232,11856,3552,8288,8336,8288,18016,38896,62720,
     38896,57840,35512,54440,32128,51040,27200,51040,22320,51040,18936,54440,15552,57840,15552,62720,15552,67616,18936,70992,
@@ -2211,7 +2211,7 @@ static const int DejaVuSansMono_glyphAdv
     52400,52400,52400,52400,52400,52400,52400,52400 };
 
 static const int DejaVuSansMono_descender_height = -24064;
-static const int DejaVuSansMono_font_height = 90752;
+static const int DejaVuSansMono_font_height = 86448;
 static const int DejaVuSansMono_glyphCount = 468;
 static const short DejaVuSansMono_characterMap[500] = {
     -1,-1,-1,-1,-1,-1,-1,-1,-1,-1,-1,-1,-1,-1,-1,-1,-1,-1,-1,-1,
