--- ajstarks-openvg-a236978e8009c948083bd15b201d8f4ceb3c035d.orig/DejaVuSans.inc	2017-07-26 14:27:15.000000000 +0200
+++ ajstarks-openvg-a236978e8009c948083bd15b201d8f4ceb3c035d/DejaVuSans.inc	2017-07-26 16:44:58.000000000 +0200
@@ -1,6 +1,6 @@
 /* Generated by font2openvg. See http://developer.hybrid.fi for more information. */
 
-/* converted from font file /usr/share/fonts/truetype/ttf-dejavu/DejaVuSans.ttf */
+/* converted from font file dejavu-fonts-ttf-2.37/ttf/DejaVuSans.ttf */
 /* font family name: DejaVu Sans */
 /* font style name: Book */
 
@@ -922,8 +922,8 @@ static const int DejaVuSans_glyphPoints[
     43008,-10544,43008,56480,9216,56480,9216,-10544,4336,-15392,4336,61376,47856,61376,47856,-15392,4336,-15392,9216,-10544,
     43008,-10544,43008,56480,9216,56480,9216,-10544,4336,-15392,4336,61376,47856,61376,47856,-15392,4336,-15392,9216,-10544,
     43008,-10544,43008,56480,9216,56480,9216,-10544,4336,-15392,4336,61376,47856,61376,47856,-15392,4336,-15392,9216,-10544,
-    43008,-10544,43008,56480,9216,56480,9216,-10544,21760,52656,13136,52656,13136,63456,21760,63456,21760,52656,21760,0,
-    13136,0,13136,27840,14032,43008,20912,43008,21760,27840,21760,0,28816,5568,28816,41952,22560,41184,19080,36384,
+    43008,-10544,43008,56480,9216,56480,9216,-10544,21760,36800,13136,36800,13136,47600,21760,47600,21760,36800,21760,-15856,
+    13136,-15856,13136,11984,14032,27152,20912,27152,21760,11984,21760,-15856,28816,5568,28816,41952,22560,41184,19080,36384,
     15600,31584,15600,23760,15600,15888,19080,11088,22560,6288,28816,5568,45008,45776,45008,38464,41856,40208,38968,41096,
     36080,41984,33200,42112,33152,5392,36128,5616,39040,6504,41952,7392,45008,9056,45008,1824,42240,560,39328,-184,
     36416,-928,33152,-1232,33152,-13296,28816,-13296,28816,-1056,18576,-208,12944,6312,7312,12832,7312,23760,7312,34720,
@@ -1025,12 +1025,12 @@ static const int DejaVuSans_glyphPoints[
     5392,63120,8496,63840,11216,64224,13936,64608,16272,64608,22400,64608,25992,62096,29584,59584,29584,55376,29584,52448,
     27672,50408,25760,48368,22272,47600,69424,30064,56288,12256,69424,12256,69424,30064,68496,35200,75552,35200,75552,12256,
     81280,12256,81280,7616,75552,7616,75552,-288,69424,-288,69424,7616,51824,7616,51824,12768,68496,35200,58496,64608,
-    65296,64608,25680,-1232,18880,-1232,58496,64608,21248,46416,29328,46416,29328,39776,29328,35488,28160,32728,26992,29968,
-    23168,26272,19344,22528,16880,20272,15792,18272,14704,16272,14704,14192,14704,10416,17488,8080,20272,5744,24912,5744,
-    28224,5744,32048,7232,35872,8720,39952,11568,39952,3568,35952,1152,31872,-40,27792,-1232,23424,-1232,15600,-1232,
-    10840,2888,6080,7008,6080,13776,6080,17008,7632,19912,9184,22816,12960,26480,16704,30128,18736,32128,19544,33256,
-    20352,34384,20704,35440,20992,36336,21120,37608,21248,38880,21248,41184,21248,46416,29584,52656,20992,52656,20992,63456,
-    29584,63456,29584,52656,29744,54992,18112,23424,41440,23424,29744,54992,24912,63456,34640,63456,58816,0,49888,0,
+    65296,64608,25680,-1232,18880,-1232,58496,64608,21248,30560,29328,30560,29328,23920,29328,19632,28160,16872,26992,14112,
+    23168,10416,19344,6672,16880,4416,15792,2424,14704,432,14704,-1664,14704,-5440,17488,-7776,20272,-10112,24912,-10112,
+    28224,-10112,32048,-8624,35872,-7136,39952,-4288,39952,-12288,35952,-14704,31872,-15896,27792,-17088,23424,-17088,15600,-17088,
+    10840,-12968,6080,-8848,6080,-2080,6080,1152,7632,4064,9184,6976,12960,10624,16704,14288,18736,16272,19544,17400,
+    20352,18528,20704,19600,20992,20480,21120,21760,21248,23040,21248,25328,21248,30560,29584,36800,20992,36800,20992,47600,
+    29584,47600,29584,36800,29744,54992,18112,23424,41440,23424,29744,54992,24912,63456,34640,63456,58816,0,49888,0,
     44112,16272,15520,16272,9728,0,688,0,24912,63456,27024,80208,35344,68992,28848,68992,19072,80208,27024,80208,
     29744,54992,18112,23424,41440,23424,29744,54992,24912,63456,34640,63456,58816,0,49888,0,44112,16272,15520,16272,
     9728,0,688,0,24912,63456,31776,80208,39632,80208,29952,68992,23440,68992,31776,80208,29744,54992,18112,23424,
